200 714 1210
509 70 42 30 63 
1 1 1 1 1 2 2 2 2 2 9 10 13 15 20 22 23 
0 0 0 0 0 2 2 2 2 2 3 4 5 6 9 10 13 15 16 
0 0 0 0 0 1 1 1 1 1 3 5 6 8 9 10 12 15 16 26 
1 2 4 4 4 4 4 5 6 7 8 9 10 11 12 13 13 15 16 16 16 16 16 20 21 28 
1 3 3 3 3 3 5 8 9 10 11 12 13 13 16 16 16 16 16 20 21 23 26 
1 2 3 4 6 6 6 6 6 7 7 7 8 8 10 14 26 27 28 
1 2 3 5 5 5 5 5 7 7 7 7 8 8 8 9 14 21 26 27 35 
3 5 5 5 6 6 6 6 8 8 9 10 11 14 
2 3 4 5 5 6 6 6 7 7 10 26 26 33 
0 1 2 3 4 6 7 10 10 10 10 10 11 13 15 27 
0 1 2 3 4 5 7 8 9 9 9 9 9 11 13 13 15 28 
3 4 7 9 10 13 14 24 
2 3 4 13 13 13 13 13 14 16 37 38 39 
0 1 3 3 4 4 9 10 10 11 12 12 12 12 12 14 16 16 25 37 38 39 
5 6 7 11 12 13 15 
0 1 2 3 9 10 14 16 19 26 
1 2 3 3 3 3 3 4 4 4 4 4 12 13 13 15 20 21 22 23 
18 18 18 18 18 19 19 19 
17 17 17 17 17 19 19 30 
15 17 17 17 18 18 21 22 26 30 
0 3 4 16 21 21 21 21 22 22 22 22 22 23 23 23 
3 4 6 16 19 20 20 20 20 22 22 22 22 22 23 23 23 23 23 27 28 
0 16 19 20 20 20 20 20 21 21 21 21 21 23 23 23 25 27 
0 4 16 20 20 20 21 21 21 21 21 22 22 22 27 
11 25 25 25 30 31 
13 22 24 24 24 31 
2 4 5 6 8 8 15 19 31 33 37 41 44 51 
5 6 9 21 22 23 28 28 28 28 28 29 30 31 33 
3 5 10 21 27 27 27 27 27 30 31 33 
27 30 30 30 30 30 31 36 41 
18 19 24 27 28 29 29 29 29 29 31 34 34 34 34 36 37 39 41 42 43 
24 25 26 27 28 29 30 32 33 
31 33 33 33 33 36 
8 26 27 28 31 32 32 32 32 36 37 38 39 
30 30 30 30 35 
6 34 41 
29 30 32 33 
12 13 26 30 33 38 38 38 38 38 39 42 
12 13 33 37 37 37 37 37 39 41 42 43 
12 13 30 33 37 38 41 
41 41 41 41 41 78 
26 29 30 35 38 39 40 40 40 40 40 43 46 49 57 
30 37 38 43 43 43 43 43 
30 38 41 42 42 42 42 42 
26 45 45 45 45 45 55 
44 44 44 44 44 47 60 77 78 
41 48 
45 48 48 48 48 48 53 62 63 67 
46 47 47 47 47 47 53 56 
41 50 50 50 50 
49 49 49 49 
26 52 52 
51 51 
47 48 54 54 54 54 54 55 55 55 55 55 57 81 
53 53 53 53 53 55 55 55 55 81 
44 53 53 53 53 53 54 54 54 54 
48 
41 53 72 85 91 97 100 101 102 
59 59 60 60 60 61 62 63 65 65 66 67 68 68 69 70 71 71 71 73 74 75 76 79 82 
58 58 60 61 61 61 61 61 62 63 63 64 66 66 66 66 67 70 71 72 79 80 
45 58 58 58 59 61 62 63 65 66 67 68 71 72 75 79 81 
58 59 59 59 59 59 60 62 63 64 65 65 66 66 67 68 70 71 75 76 79 80 81 
47 58 59 60 61 63 63 64 64 65 66 67 67 68 69 71 72 78 79 
47 58 59 59 60 61 62 62 64 64 64 64 65 65 65 66 66 67 67 67 67 67 68 72 74 75 77 80 80 80 81 87 
59 61 62 62 63 63 63 63 65 66 67 67 67 67 76 79 80 80 80 81 
58 58 60 61 61 62 63 63 63 64 66 67 67 68 70 71 72 73 74 75 76 78 79 79 87 
58 59 59 59 59 60 61 61 62 63 63 64 65 67 67 68 69 70 71 72 78 79 79 87 
47 58 59 60 61 62 62 63 63 63 63 63 64 64 64 64 65 65 66 66 68 71 72 74 77 78 80 80 80 80 81 83 
58 58 60 61 62 63 65 66 67 69 69 70 70 70 70 71 72 74 75 75 75 76 77 79 81 83 87 
58 62 66 68 68 70 70 70 71 72 73 75 76 79 
58 59 61 65 66 68 68 68 68 69 69 69 71 72 73 73 75 75 76 76 79 87 
58 58 58 59 60 61 62 65 66 67 68 69 70 72 73 75 76 79 79 82 83 87 
57 59 60 62 63 65 66 67 68 69 70 71 74 74 75 75 75 76 77 77 77 77 78 78 78 78 81 102 
58 65 69 70 70 71 74 75 76 76 76 80 87 
58 63 65 67 68 72 72 73 75 75 77 77 77 78 78 78 78 
58 60 61 63 65 68 68 68 69 70 70 71 72 72 72 73 74 74 76 77 77 78 80 81 
58 61 64 65 68 69 70 70 71 72 73 73 73 75 79 
45 63 67 68 72 72 72 72 74 74 74 75 75 78 78 78 78 78 80 81 83 88 
40 45 62 65 66 67 72 72 72 72 74 74 74 74 75 77 77 77 77 77 79 
58 59 60 61 62 64 65 65 66 66 68 69 70 71 71 76 78 80 
59 61 63 63 63 64 64 64 67 67 67 67 73 75 77 79 
53 54 60 61 63 64 67 68 72 75 77 
58 71 83 83 83 83 83 
67 68 71 77 82 82 82 82 82 93 
85 85 85 86 86 86 86 86 89 100 104 
57 84 84 84 86 86 86 86 86 100 
84 84 84 84 84 85 85 85 85 85 88 94 98 100 
63 65 66 68 70 71 73 88 90 91 97 100 101 106 
77 86 87 89 89 89 89 89 90 90 90 91 91 92 92 92 93 94 94 94 95 95 96 97 97 98 98 99 100 100 100 100 101 101 101 102 103 107 
84 88 88 88 88 88 90 90 91 91 92 92 92 93 93 94 94 94 95 95 95 96 97 97 98 98 98 99 100 100 100 101 101 107 
87 88 88 88 89 89 91 91 92 93 93 94 94 94 94 95 96 97 97 98 99 100 100 100 101 101 103 
57 87 88 88 89 89 90 90 92 92 92 92 93 93 94 95 95 96 97 97 97 98 98 98 98 100 101 103 106 108 109 113 
88 88 88 89 89 89 90 91 91 91 91 93 93 93 94 95 95 96 96 97 97 97 98 98 98 100 100 101 103 108 109 
83 88 89 89 90 90 91 91 92 92 92 94 95 95 95 95 95 96 96 96 96 96 97 98 98 98 99 100 101 101 103 107 
86 88 88 88 89 89 89 90 90 90 90 91 92 93 95 96 97 98 98 100 100 100 101 101 103 109 
88 88 89 89 89 90 91 91 92 92 93 93 93 93 93 94 96 96 96 96 96 97 97 98 98 99 100 101 103 109 
88 89 90 91 92 92 93 93 93 93 93 94 95 95 95 95 95 97 97 98 100 108 
57 87 88 88 89 89 90 90 91 91 91 92 92 92 93 94 95 95 96 96 98 98 98 98 99 100 100 101 101 101 103 112 
86 88 88 89 89 89 90 91 91 91 91 92 92 92 93 93 93 94 94 95 95 96 97 97 97 97 100 100 100 101 
88 89 90 93 95 97 102 
57 84 85 86 87 88 88 88 88 89 89 89 90 90 90 91 92 92 93 94 94 94 95 96 97 97 98 98 98 101 101 101 101 102 103 
57 87 88 88 88 89 89 90 90 91 92 93 93 94 94 95 97 97 97 98 100 100 100 100 103 109 
57 72 88 99 100 
88 90 91 92 93 94 95 97 100 101 
84 105 105 105 105 105 
104 104 104 104 104 
87 91 
88 89 93 
91 92 96 109 109 109 109 109 110 111 113 
91 92 94 95 101 108 108 108 108 108 110 111 112 113 
108 109 117 119 121 
108 109 112 112 112 113 113 
97 109 111 111 111 113 113 
91 108 109 111 111 112 112 
115 115 115 115 115 
114 114 114 114 114 116 120 121 123 124 125 126 127 130 132 138 
115 117 117 117 117 117 123 124 127 
110 116 116 116 116 116 121 124 128 
119 119 119 
110 118 118 118 
115 121 121 121 121 121 125 
110 115 117 120 120 120 120 120 122 125 
121 
115 116 124 124 124 124 124 125 125 125 125 125 126 131 132 133 
115 116 117 123 123 123 123 123 125 125 125 125 125 132 
115 120 121 123 123 123 123 123 124 124 124 124 124 
115 123 
115 116 128 128 128 128 128 129 129 130 130 130 130 130 132 
117 127 127 127 127 127 129 129 130 130 130 130 130 
127 127 128 128 130 130 138 
115 127 127 127 127 127 128 128 128 128 128 129 129 135 
123 132 132 132 132 132 135 137 
115 123 124 127 131 131 131 131 131 135 137 
123 134 134 135 138 142 143 
133 133 138 158 
130 131 132 133 138 
137 137 137 137 137 165 
131 132 136 136 136 136 136 158 163 164 165 166 169 170 173 173 173 173 174 174 174 
115 129 133 134 135 142 143 143 143 143 143 
140 140 
139 139 
142 142 142 142 142 147 148 149 150 151 157 159 
133 138 141 141 141 141 141 143 147 157 159 
133 138 138 138 138 138 142 151 
145 145 145 145 146 146 146 146 150 154 
144 144 144 144 146 146 146 146 154 
144 144 144 144 145 145 145 145 155 156 157 158 166 167 
141 142 148 148 148 148 149 150 151 155 163 167 
141 147 147 147 147 149 150 151 
141 147 148 150 150 150 150 151 151 
141 144 147 148 149 149 149 149 151 151 151 154 159 
141 143 147 148 149 149 150 150 150 
153 153 153 153 153 154 155 
152 152 152 152 152 
144 145 150 152 155 155 155 155 
146 147 152 154 154 154 154 
146 157 157 157 157 157 158 
141 142 146 156 156 156 156 156 
134 137 146 156 159 160 160 160 163 164 166 170 173 
141 142 150 158 
158 158 158 
162 162 162 162 162 168 
161 161 161 161 161 168 
137 147 158 168 171 173 175 175 175 176 176 176 176 176 179 
137 158 165 165 165 165 165 166 166 166 166 166 168 173 
136 137 164 164 164 164 164 166 166 166 166 166 173 
137 146 158 164 164 164 164 164 165 165 165 165 165 168 171 172 
146 147 185 188 
161 162 163 164 166 170 
137 170 170 
137 158 168 169 169 171 
163 166 170 172 172 
166 171 171 
137 137 137 137 158 163 164 165 174 174 174 175 
137 137 137 173 173 173 
163 163 163 173 176 176 179 183 
163 163 163 163 163 175 175 
178 178 178 178 178 180 
177 177 177 177 177 
163 175 182 182 182 182 
177 181 181 182 183 
180 180 
179 179 179 179 180 184 186 
175 180 184 184 184 184 184 
182 183 183 183 183 183 
167 186 186 186 186 190 
182 185 185 185 185 187 
186 
167 189 189 189 189 189 
188 188 188 188 188 190 
185 189 191 191 191 191 191 
190 190 190 190 190 
193 193 193 193 193 194 194 194 194 
192 192 192 192 192 194 194 
192 192 192 192 193 193 195 196 196 
194 196 196 196 196 196 197 197 197 197 197 
194 194 195 195 195 195 195 197 197 197 197 197 
195 195 195 195 195 196 196 196 196 196 199 
199 199 199 199 199 
197 198 198 198 198 198 
